# l Dl_TT Dl_TE Dl_TB Dl_ET Dl_BT Dl_EE Dl_EB Dl_BE Dl_BB
6.350000000000000000e+01 2.239084079444450708e+03 -1.006640509169394448e+01 -1.564264881550992925e+01 2.361359136222974886e+00 -6.881717469605914239e+00 -8.182544432852596472e-01 -1.523227411567802614e+00 -2.441836636867220189e+00 2.263676027374750266e-01
1.505000000000000000e+02 4.231496836966010051e+03 -3.794402244418157721e+01 2.991500086646470891e+01 -5.029541545930727153e+01 -4.009523306312210167e+01 7.302685392311226709e-01 -5.426391320638345173e-01 -5.997576372571717940e-01 8.812225555929757981e-01
2.005000000000000000e+02 5.638633711447520000e+03 -2.279170845139250545e+01 -1.096758243327412430e+01 -3.076074054814318171e+00 -3.249884813042621801e+01 3.036171470158007257e-01 1.288464236647352545e-01 -1.488075537367713752e-01 5.356191810268479125e-01
2.505000000000000000e+02 5.543331741089376919e+03 4.639609306379384179e+01 -1.099007426788372221e+01 7.722197438632024102e+01 -1.226125424976515710e+01 3.236551188817323510e+00 3.049948832293696288e-01 9.659103186113301431e-01 2.127716548580673439e-01
3.005000000000000000e+02 4.156792349341686531e+03 1.171656366109988454e+02 7.137952315644469081e+00 1.240911984048205454e+02 3.883452576697798975e-01 9.321953364099455186e+00 -9.092527631092691687e-01 -1.182693251043817756e-01 2.069527028993389806e-01
3.505000000000000000e+02 2.448316729321766616e+03 8.472945813187359931e+01 9.871980928816008749e-01 8.985560720219645248e+01 1.000928581823027663e+01 1.835213880627689420e+01 -2.727307897702139772e-01 7.582306791611453933e-01 4.560619700938435828e-01
4.005000000000000000e+02 1.835753931832269473e+03 -2.101037062812012302e-01 -1.134956459657186478e+01 2.158271627142237248e-01 1.667567203582853042e+00 2.050178229502732918e+01 -4.629829862541411933e-01 4.996705743845558101e-01 -3.686133931741114034e-01
4.505000000000000000e+02 1.862982138316604733e+03 -6.604277419120141701e+01 -2.810745867363998229e+00 -6.283728711100952324e+01 -3.486086108984773890e+00 1.733377318962757485e+01 -4.046991043031426538e-01 2.475094430573441737e-02 -6.755229785931627928e-01
5.005000000000000000e+02 2.430893435894537106e+03 -5.250551988232783884e+01 5.497960106318839024e+00 -5.366800485459940973e+01 9.001353313634799846e+00 7.892160359262017089e+00 6.415934881729872252e-01 -9.265439260787596831e-01 -3.811477125080117712e-01
5.505000000000000000e+02 2.550061235909887273e+03 7.105934151734161652e+00 -7.916644627434351600e-01 1.134574533278772712e+01 -2.276084064307999366e+00 8.853550599134889509e+00 -6.338613387369290697e-01 8.895624202989370621e-01 -1.124241909865744543e-01
6.005000000000000000e+02 2.115696690521001528e+03 3.218272664779726711e+01 -6.438587280823688808e+00 3.028327994828957515e+01 -2.151604245527832138e+00 1.957814488694250343e+01 6.992567442520233323e-01 -1.300592755791768917e+00 2.318623502616637966e-01
6.505000000000000000e+02 1.823422665585712593e+03 -1.418146276365303038e+01 2.189900612404306113e+00 -2.159601253710178170e+01 2.264321746598782159e+00 3.320534836385533595e+01 -1.185536588373747646e+00 -4.628669126288931790e-01 -2.440255880119467646e-01
7.005000000000000000e+02 1.836191497722483064e+03 -1.013990171241766660e+02 3.122778236166995569e+00 -9.476999548123205841e+01 -6.790579108757957449e+00 3.676199413122238013e+01 -1.835582939855061324e-01 -2.664252118906353384e-01 -2.067770436135805967e-01
7.505000000000000000e+02 2.170192996446219695e+03 -1.319377078199694040e+02 -5.800059302709530407e+00 -1.359825674208991586e+02 1.696063156082140821e+01 2.925756867331928035e+01 -2.600437653333992905e-01 5.823642747358005467e-01 -6.655491204813809292e-01
8.005000000000000000e+02 2.506252797671259486e+03 -8.807927825912507558e+01 4.948616212705545081e+00 -9.266623935380813748e+01 -1.303447625760357775e+00 1.637488262219346424e+01 5.524107921205297922e-01 -4.326277190024299668e-01 6.359353988046535511e-01
8.505000000000000000e+02 2.428638847937720129e+03 -3.207337912225927568e+00 3.878406794672156099e+00 -7.938167026373000645e+00 -5.719007105545176550e+00 1.318398111197658018e+01 -6.434393732764357443e-01 2.327206889195970074e+00 -2.055062298340092131e+00
9.005000000000000000e+02 1.908052890129369189e+03 6.317902370678633162e+01 4.840764405729145459e+00 5.184913189606550787e+01 1.717340086214858452e+00 2.149253071330359788e+01 1.146966438913460617e+00 -4.785139689181994171e-02 1.076906757082232602e+00
9.505000000000000000e+02 1.379985232336703348e+03 3.656999165699343024e+01 2.859061675138265812e+00 3.892205192836647143e+01 -1.801793623453779025e+00 3.724200161113316199e+01 1.776627712010969917e+00 -1.340305920065805845e+00 -5.464799595495374307e-01
1.000500000000000000e+03 1.069206939658144847e+03 -1.987773156696756871e+01 -2.314007943845512560e+00 -3.039836863943139988e+01 -3.873275061580002898e+00 4.308420762807795512e+01 1.510220667823668039e+00 -6.840545973048769435e-01 7.980735576564369493e-01
1.050500000000000000e+03 1.122555667591665724e+03 -8.036507570029694136e+01 1.570999572307847147e+00 -7.692927686060959047e+01 2.778325749209487938e+00 3.089967487893360953e+01 -8.257117762889287782e-03 2.629230710459967146e-01 6.023087420444737106e-01
1.100500000000000000e+03 1.229667081897184971e+03 -6.941444096868863767e+01 3.100058791037250128e+00 -6.949568974632629192e+01 3.684088575823797118e+00 1.960159957731938718e+01 -7.412830498805670354e-01 9.915324289751321629e-01 -1.264254964496989431e-01
1.150500000000000000e+03 1.233020546961409536e+03 -3.250758042061978870e+01 -1.127800289645713105e+00 -3.059644800119649588e+01 3.116059820931512458e+00 1.384545246230431026e+01 -1.278710439690768252e+00 -1.399420729950084485e+00 -1.898846984191039089e-01
1.200500000000000000e+03 1.047939211500775173e+03 6.839402244515426332e+00 1.053099474273593295e+01 9.311650150285141203e-01 -3.486951065286131968e+00 1.765122028397401266e+01 -5.044233841583737332e-01 -7.625233745686710307e-01 -2.753360878010404633e+00
1.250500000000000000e+03 8.529429083239568854e+02 2.157622521786292324e+00 -3.195916937344295494e+00 2.769237766121219746e+00 -7.528877490508160131e-01 2.369402616115952753e+01 -2.581989307338960149e+00 -9.439328345045788771e-01 8.918977593761864275e-01
1.300500000000000000e+03 7.322973423071110801e+02 -3.178132313601906844e+01 -8.007959566648738203e+00 -3.179972679543203995e+01 -4.229455388683724948e-01 2.888024976510143560e+01 2.118638352567978167e+00 -8.763863002270649849e-01 3.117033826144075093e+00
1.350500000000000000e+03 7.676250219261773964e+02 -6.593396894535698038e+01 -9.069642064625323963e-01 -5.955482068145054342e+01 -1.735267514454252868e+00 2.644832219193742162e+01 1.771003526894897318e-01 6.992656102658761919e-01 -3.075059733236915060e-01
1.400500000000000000e+03 8.170298299851566526e+02 -4.966109094510807154e+01 -8.211689667973967488e+00 -5.016801204206808507e+01 6.662183220449424681e-01 1.728516154585392428e+01 2.789188159672278289e+00 -1.799041101165883338e+00 -1.581323346178398204e+00
1.450500000000000000e+03 7.894746107671821846e+02 -2.425210663928194776e+01 1.075010102468516582e+00 -3.260243849841675257e+01 2.830524609845988859e+00 1.273940910999526643e+01 -2.681862951721962318e+00 -2.091507184477050085e+00 -6.493880033417589459e-01
1.500500000000000000e+03 6.861775799427374523e+02 -5.372300914741074074e+00 1.726403628143600377e+00 1.326253001766098505e+00 3.221150144807813032e+00 1.320172780130384105e+01 -2.378178455891203080e-01 -1.834187120571705520e+00 -1.781064379356219307e+00
1.550500000000000000e+03 5.434295236494048140e+02 8.198802348928371231e+00 7.025828121609545285e-01 -1.708374615259771856e+00 1.877062886828354316e+00 1.870493959575300735e+01 8.634794871314917242e-02 4.572688582000505875e-01 1.338464099914577821e+00
1.600500000000000000e+03 4.364321011805009221e+02 2.463126598349580032e+00 6.501553286631420292e+00 -6.267450786682469577e+00 8.149281154771732816e-02 1.845323715541119824e+01 -1.756539470669945091e+00 3.843736704838737750e-01 -1.251190001688399445e+00
1.650500000000000000e+03 3.921344906839546525e+02 -2.092568932082155087e+01 -2.594742431483355039e-01 -2.323713400130412410e+01 7.363257581080741021e-01 2.100378798648150891e+01 -3.439086865779279023e+00 5.206117371844541708e+00 -5.427606788351261313e-01
1.700500000000000000e+03 3.993578007644139234e+02 -2.624711547619682506e+01 5.142529852881425612e-01 -2.872666193318106664e+01 -4.960193654414541520e+00 1.247086864643786619e+01 4.821546488519731777e-01 1.312440143224997025e+00 1.959118837650947187e+00
1.750500000000000000e+03 4.026813121487921876e+02 -2.917817132108558198e+01 -6.676373290210928957e+00 -2.120288583211491229e+01 3.745876137456319643e+00 1.035353302092934591e+01 -7.485565441493090333e+00 -3.362297631071790249e+00 -1.482411250253226065e+00
1.800500000000000000e+03 3.720067636792192047e+02 -8.748464042832381438e+00 -6.377964477803679699e+00 -7.410198574743432687e+00 -1.014725367142978563e+00 6.046788565928566506e+00 -3.577588902263382664e+00 2.298045854684186151e-01 -2.423364170977117649e+00
1.850500000000000000e+03 3.056368712790694531e+02 -1.379196324423410447e+00 -1.995229935946389643e+00 -3.348160354834724739e+00 1.774175861188777903e+00 1.131156572543805616e+01 2.799890785505272817e+00 6.953532073665830149e-01 5.044548572080095994e+00
1.900500000000000000e+03 2.576401907588667655e+02 -8.905838545250935212e+00 -1.237268606631605872e+00 -8.473035912707294059e+00 -2.386762581623891322e+00 1.279798827770750158e+01 8.410178483074686184e-01 1.821037779146214841e-01 -2.125033351301318429e+00
1.950500000000000000e+03 2.421455827815863984e+02 -1.160923547555213808e+01 1.977860234074742429e+00 -1.664173248395844951e+01 2.094460364209594250e+00 9.150411750967109015e+00 -3.761781795471450085e+00 2.107057740004699919e+00 7.285992554385555486e+00
2.000500000000000000e+03 2.458189002308025977e+02 -1.614923050315189457e+01 3.242967360407979616e+00 -1.405606103146090646e+01 -4.067578318089643652e+00 1.158156739286343395e+01 -1.290314405458449221e+00 -3.851870788088065822e+00 3.753252000175249403e+00
2.075500000000000000e+03 2.246730920028542187e+02 -1.027443613201294959e+01 1.744533612721748561e+00 -7.164645284144120829e+00 -2.042363683783591011e+00 1.194031240124036053e+00 9.005085351716511921e-01 2.347858742436419011e+00 3.237591552672372419e+00
2.175500000000000000e+03 1.779635954783411762e+02 -4.142946782906617109e+00 -7.657596800168046336e+00 -1.691100854483010174e+00 -3.120749401979936888e+00 4.096381554955367044e+00 5.791669563564812856e-02 -5.239732778762848930e+00 -9.124886859555384477e-01
2.275500000000000000e+03 1.281455061891300033e+02 -6.764892212396657278e+00 -2.403703720530473209e+00 -3.977213399965485952e+00 3.277597333655313250e+00 5.854032576184554415e+00 5.749438341253250151e-01 -3.589257824499807459e-01 -1.775063314042789386e+00
2.375500000000000000e+03 1.177217324021617486e+02 -1.824164216680632888e+00 -1.942069841654171514e+00 -7.562311126815928652e+00 -9.118847476737638180e-01 1.170930983836967920e+00 -5.934296095434317131e+00 -1.549060947821380152e+00 -2.936664236467969591e-01
2.475500000000000000e+03 1.001553811944033470e+02 -4.637078322122053287e+00 -2.973934231631178093e+00 -5.150422281351592524e+00 -9.806164262788503727e-01 1.070360185129318076e+01 -2.228155224620289143e+00 3.927404289511304825e+00 -1.781187859738831092e+00
2.625500000000000000e+03 7.587091029286600019e+01 -4.126319538144390009e+00 2.023803326607141795e+00 -3.800778506428009962e+00 3.336268457942111881e-02 2.686586175670761190e+00 2.484713051002037432e+00 -1.884335808586036221e+00 1.839655518873134499e+00
2.825500000000000000e+03 6.010910871195520855e+01 -6.984020357828672587e+00 -1.046024498871969133e+00 8.967497011215380676e-01 -9.490386730508083568e-01 1.476022298274966893e+00 6.913654933657279456e-01 4.208119419040512454e-02 -3.621739541853874034e+00
3.025500000000000000e+03 4.789542879872349346e+01 -1.335989586088165426e+00 4.295673827894611385e+00 -4.675537170592412473e+00 -4.205277990169772551e+00 4.976747994144730569e+00 1.412817622741462387e+00 3.518690233321315475e-01 1.060897106284411029e+00
3.325500000000000000e+03 3.497401555222666758e+01 -1.590910584812890383e+00 -1.854980793209712209e+00 -2.253783511155917463e+00 1.707028103470422664e-01 3.191343472778109813e-01 2.039580235331614144e+00 -2.694124953051024729e+00 1.222845367523340832e+00
3.725500000000000000e+03 2.687825733226095437e+01 -3.712917812181988353e+00 -1.928579294880772288e-01 -5.210598025874870309e+00 -6.574922537942849310e+00 3.967180488164553598e+00 2.317933163957794085e-01 2.187187036225609837e+00 6.952918717384643621e+00
4.125500000000000000e+03 2.808054620946498403e+01 6.369759292174394183e+00 -4.742092992464943535e-01 -2.570072195743031140e-01 1.228339473067363352e+00 8.219929864034302147e-01 3.315271779019149267e+00 -1.149957617338811210e-02 -1.549712604306735741e+00
4.525500000000000000e+03 3.377463805483562709e+01 -2.968868241450143497e+00 -3.729064893345120257e+00 3.301335543543517215e+00 -1.146528759121442365e+00 -8.325256239116344048e+00 1.035133890887483155e+01 -3.824888782424785916e+00 -1.398596275011974255e+00
4.925500000000000000e+03 3.422699587344828842e+01 -7.465013907858907061e+00 8.244299904042671656e+00 2.701753115572444131e+00 -6.014453592300573526e+00 1.148850225883343512e+01 -5.175881568235882746e+00 8.679989931582761997e+00 2.073310479490591618e+01
5.325500000000000000e+03 3.394450408737755964e+01 2.974483267921446572e+00 5.979221599274000987e+00 1.217738749938931830e+00 -6.759097951200306875e-01 -7.618012337090614317e+00 1.422061148430542410e+01 8.155305565752660968e+00 -1.867354272306887353e+01
5.725500000000000000e+03 4.763711931991186788e+01 9.781964842439798247e+00 -1.096071981290189967e+01 -8.672961782827352195e+00 1.882650582498480674e+01 -2.168464600768754380e+01 2.006331053910534123e+01 -1.944452107151037268e+01 2.707877331262328724e+01
6.125500000000000000e+03 5.000634183025464807e+01 2.515433678036940179e+01 6.751754089528463787e+00 8.852699704265559077e+00 -1.447428722014108082e+01 -3.764884437328876743e+01 2.880872971310114394e+01 -2.790982323149755118e+01 -1.914945405857795180e+01
6.725500000000000000e+03 4.845915109565959966e+01 -8.487164173539090584e+00 3.198966005750574770e-01 -3.499033056585950874e+01 2.455691803000554430e+01 1.651586349113255281e+01 -2.879854635893975967e+01 -9.813505239290103432e+00 1.100770522554281605e+01
7.525500000000000000e+03 5.364396367847080427e+01 3.084681011553298902e+01 -4.158301503816990419e+01 6.707080456117973988e+00 -4.067482181481619108e+01 -6.979187721022593394e+01 -3.524123416858757452e+01 7.811190210223391261e+01 -3.313974905726987430e+01
